Instance	NumVertices	MaxNumVehicles	Capacity
R204	51	4	100
QuantMin	QuantMax	DistMin	DistMax	TimeMin	TimeMax
0	100	0	1e+10	0	1000
0	100	0	1e+10	0	974
0	100	0	1e+10	0	972
0	100	0	1e+10	0	967
0	100	0	1e+10	678	801
0	100	0	1e+10	0	969
0	100	0	1e+10	0	978
0	100	0	1e+10	0	968
0	100	0	1e+10	404	481
0	100	0	1e+10	400	497
0	100	0	1e+10	0	964
0	100	0	1e+10	206	325
0	100	0	1e+10	0	975
0	100	0	1e+10	690	827
0	100	0	1e+10	0	957
0	100	0	1e+10	175	300
0	100	0	1e+10	0	960
0	100	0	1e+10	0	959
0	100	0	1e+10	0	974
0	100	0	1e+10	0	957
0	100	0	1e+10	0	958
0	100	0	1e+10	0	971
0	100	0	1e+10	0	963
0	100	0	1e+10	206	325
0	100	0	1e+10	0	960
0	100	0	1e+10	817	956
0	100	0	1e+10	0	978
0	100	0	1e+10	0	985
0	100	0	1e+10	0	983
0	100	0	1e+10	0	960
0	100	0	1e+10	0	964
0	100	0	1e+10	0	972
0	100	0	1e+10	0	956
0	100	0	1e+10	0	965
0	100	0	1e+10	0	953
0	100	0	1e+10	0	948
0	100	0	1e+10	0	948
0	100	0	1e+10	0	968
0	100	0	1e+10	302	405
0	100	0	1e+10	0	956
0	100	0	1e+10	0	978
0	100	0	1e+10	0	961
0	100	0	1e+10	0	964
0	100	0	1e+10	0	955
0	100	0	1e+10	233	340
0	100	0	1e+10	0	960
0	100	0	1e+10	0	954
0	100	0	1e+10	0	955
0	100	0	1e+10	0	962
0	100	0	1e+10	0	946
0	100	0	1e+10	0	973
Quantity
0	5	3.5	6.5	9.5	13	1.5	2.5	4.5	8	8	6	9.5	11.5	10	4	9.5	1	6	8.5	4.5	5.5	9	14.5	1.5	3	8.5	8	8	4.5	10.5	13.5	11.5	5.5	7	4	2.5	4	8	15.5	4.5	2.5	2.5	3.5	9	8	0.5	13.5	18	15	6.5	
5	10	8.5	11.5	14.5	18	6.5	7.5	9.5	13	13	11	14.5	16.5	15	9	14.5	6	11	13.5	9.5	10.5	14	19.5	6.5	8	13.5	13	13	9.5	15.5	18.5	16.5	10.5	12	9	7.5	9	13	20.5	9.5	7.5	7.5	8.5	14	13	5.5	18.5	23	20	11.5	
3.5	8.5	7	10	13	16.5	5	6	8	11.5	11.5	9.5	13	15	13.5	7.5	13	4.5	9.5	12	8	9	12.5	18	5	6.5	12	11.5	11.5	8	14	17	15	9	10.5	7.5	6	7.5	11.5	19	8	6	6	7	12.5	11.5	4	17	21.5	18.5	10	
6.5	11.5	10	13	16	19.5	8	9	11	14.5	14.5	12.5	16	18	16.5	10.5	16	7.5	12.5	15	11	12	15.5	21	8	9.5	15	14.5	14.5	11	17	20	18	12	13.5	10.5	9	10.5	14.5	22	11	9	9	10	15.5	14.5	7	20	24.5	21.5	13	
9.5	14.5	13	16	19	22.5	11	12	14	17.5	17.5	15.5	19	21	19.5	13.5	19	10.5	15.5	18	14	15	18.5	24	11	12.5	18	17.5	17.5	14	20	23	21	15	16.5	13.5	12	13.5	17.5	25	14	12	12	13	18.5	17.5	10	23	27.5	24.5	16	
13	18	16.5	19.5	22.5	26	14.5	15.5	17.5	21	21	19	22.5	24.5	23	17	22.5	14	19	21.5	17.5	18.5	22	27.5	14.5	16	21.5	21	21	17.5	23.5	26.5	24.5	18.5	20	17	15.5	17	21	28.5	17.5	15.5	15.5	16.5	22	21	13.5	26.5	31	28	19.5	
1.5	6.5	5	8	11	14.5	3	4	6	9.5	9.5	7.5	11	13	11.5	5.5	11	2.5	7.5	10	6	7	10.5	16	3	4.5	10	9.5	9.5	6	12	15	13	7	8.5	5.5	4	5.5	9.5	17	6	4	4	5	10.5	9.5	2	15	19.5	16.5	8	
2.5	7.5	6	9	12	15.5	4	5	7	10.5	10.5	8.5	12	14	12.5	6.5	12	3.5	8.5	11	7	8	11.5	17	4	5.5	11	10.5	10.5	7	13	16	14	8	9.5	6.5	5	6.5	10.5	18	7	5	5	6	11.5	10.5	3	16	20.5	17.5	9	
4.5	9.5	8	11	14	17.5	6	7	9	12.5	12.5	10.5	14	16	14.5	8.5	14	5.5	10.5	13	9	10	13.5	19	6	7.5	13	12.5	12.5	9	15	18	16	10	11.5	8.5	7	8.5	12.5	20	9	7	7	8	13.5	12.5	5	18	22.5	19.5	11	
8	13	11.5	14.5	17.5	21	9.5	10.5	12.5	16	16	14	17.5	19.5	18	12	17.5	9	14	16.5	12.5	13.5	17	22.5	9.5	11	16.5	16	16	12.5	18.5	21.5	19.5	13.5	15	12	10.5	12	16	23.5	12.5	10.5	10.5	11.5	17	16	8.5	21.5	26	23	14.5	
8	13	11.5	14.5	17.5	21	9.5	10.5	12.5	16	16	14	17.5	19.5	18	12	17.5	9	14	16.5	12.5	13.5	17	22.5	9.5	11	16.5	16	16	12.5	18.5	21.5	19.5	13.5	15	12	10.5	12	16	23.5	12.5	10.5	10.5	11.5	17	16	8.5	21.5	26	23	14.5	
6	11	9.5	12.5	15.5	19	7.5	8.5	10.5	14	14	12	15.5	17.5	16	10	15.5	7	12	14.5	10.5	11.5	15	20.5	7.5	9	14.5	14	14	10.5	16.5	19.5	17.5	11.5	13	10	8.5	10	14	21.5	10.5	8.5	8.5	9.5	15	14	6.5	19.5	24	21	12.5	
9.5	14.5	13	16	19	22.5	11	12	14	17.5	17.5	15.5	19	21	19.5	13.5	19	10.5	15.5	18	14	15	18.5	24	11	12.5	18	17.5	17.5	14	20	23	21	15	16.5	13.5	12	13.5	17.5	25	14	12	12	13	18.5	17.5	10	23	27.5	24.5	16	
11.5	16.5	15	18	21	24.5	13	14	16	19.5	19.5	17.5	21	23	21.5	15.5	21	12.5	17.5	20	16	17	20.5	26	13	14.5	20	19.5	19.5	16	22	25	23	17	18.5	15.5	14	15.5	19.5	27	16	14	14	15	20.5	19.5	12	25	29.5	26.5	18	
10	15	13.5	16.5	19.5	23	11.5	12.5	14.5	18	18	16	19.5	21.5	20	14	19.5	11	16	18.5	14.5	15.5	19	24.5	11.5	13	18.5	18	18	14.5	20.5	23.5	21.5	15.5	17	14	12.5	14	18	25.5	14.5	12.5	12.5	13.5	19	18	10.5	23.5	28	25	16.5	
4	9	7.5	10.5	13.5	17	5.5	6.5	8.5	12	12	10	13.5	15.5	14	8	13.5	5	10	12.5	8.5	9.5	13	18.5	5.5	7	12.5	12	12	8.5	14.5	17.5	15.5	9.5	11	8	6.5	8	12	19.5	8.5	6.5	6.5	7.5	13	12	4.5	17.5	22	19	10.5	
9.5	14.5	13	16	19	22.5	11	12	14	17.5	17.5	15.5	19	21	19.5	13.5	19	10.5	15.5	18	14	15	18.5	24	11	12.5	18	17.5	17.5	14	20	23	21	15	16.5	13.5	12	13.5	17.5	25	14	12	12	13	18.5	17.5	10	23	27.5	24.5	16	
1	6	4.5	7.5	10.5	14	2.5	3.5	5.5	9	9	7	10.5	12.5	11	5	10.5	2	7	9.5	5.5	6.5	10	15.5	2.5	4	9.5	9	9	5.5	11.5	14.5	12.5	6.5	8	5	3.5	5	9	16.5	5.5	3.5	3.5	4.5	10	9	1.5	14.5	19	16	7.5	
6	11	9.5	12.5	15.5	19	7.5	8.5	10.5	14	14	12	15.5	17.5	16	10	15.5	7	12	14.5	10.5	11.5	15	20.5	7.5	9	14.5	14	14	10.5	16.5	19.5	17.5	11.5	13	10	8.5	10	14	21.5	10.5	8.5	8.5	9.5	15	14	6.5	19.5	24	21	12.5	
8.5	13.5	12	15	18	21.5	10	11	13	16.5	16.5	14.5	18	20	18.5	12.5	18	9.5	14.5	17	13	14	17.5	23	10	11.5	17	16.5	16.5	13	19	22	20	14	15.5	12.5	11	12.5	16.5	24	13	11	11	12	17.5	16.5	9	22	26.5	23.5	15	
4.5	9.5	8	11	14	17.5	6	7	9	12.5	12.5	10.5	14	16	14.5	8.5	14	5.5	10.5	13	9	10	13.5	19	6	7.5	13	12.5	12.5	9	15	18	16	10	11.5	8.5	7	8.5	12.5	20	9	7	7	8	13.5	12.5	5	18	22.5	19.5	11	
5.5	10.5	9	12	15	18.5	7	8	10	13.5	13.5	11.5	15	17	15.5	9.5	15	6.5	11.5	14	10	11	14.5	20	7	8.5	14	13.5	13.5	10	16	19	17	11	12.5	9.5	8	9.5	13.5	21	10	8	8	9	14.5	13.5	6	19	23.5	20.5	12	
9	14	12.5	15.5	18.5	22	10.5	11.5	13.5	17	17	15	18.5	20.5	19	13	18.5	10	15	17.5	13.5	14.5	18	23.5	10.5	12	17.5	17	17	13.5	19.5	22.5	20.5	14.5	16	13	11.5	13	17	24.5	13.5	11.5	11.5	12.5	18	17	9.5	22.5	27	24	15.5	
14.5	19.5	18	21	24	27.5	16	17	19	22.5	22.5	20.5	24	26	24.5	18.5	24	15.5	20.5	23	19	20	23.5	29	16	17.5	23	22.5	22.5	19	25	28	26	20	21.5	18.5	17	18.5	22.5	30	19	17	17	18	23.5	22.5	15	28	32.5	29.5	21	
1.5	6.5	5	8	11	14.5	3	4	6	9.5	9.5	7.5	11	13	11.5	5.5	11	2.5	7.5	10	6	7	10.5	16	3	4.5	10	9.5	9.5	6	12	15	13	7	8.5	5.5	4	5.5	9.5	17	6	4	4	5	10.5	9.5	2	15	19.5	16.5	8	
3	8	6.5	9.5	12.5	16	4.5	5.5	7.5	11	11	9	12.5	14.5	13	7	12.5	4	9	11.5	7.5	8.5	12	17.5	4.5	6	11.5	11	11	7.5	13.5	16.5	14.5	8.5	10	7	5.5	7	11	18.5	7.5	5.5	5.5	6.5	12	11	3.5	16.5	21	18	9.5	
8.5	13.5	12	15	18	21.5	10	11	13	16.5	16.5	14.5	18	20	18.5	12.5	18	9.5	14.5	17	13	14	17.5	23	10	11.5	17	16.5	16.5	13	19	22	20	14	15.5	12.5	11	12.5	16.5	24	13	11	11	12	17.5	16.5	9	22	26.5	23.5	15	
8	13	11.5	14.5	17.5	21	9.5	10.5	12.5	16	16	14	17.5	19.5	18	12	17.5	9	14	16.5	12.5	13.5	17	22.5	9.5	11	16.5	16	16	12.5	18.5	21.5	19.5	13.5	15	12	10.5	12	16	23.5	12.5	10.5	10.5	11.5	17	16	8.5	21.5	26	23	14.5	
8	13	11.5	14.5	17.5	21	9.5	10.5	12.5	16	16	14	17.5	19.5	18	12	17.5	9	14	16.5	12.5	13.5	17	22.5	9.5	11	16.5	16	16	12.5	18.5	21.5	19.5	13.5	15	12	10.5	12	16	23.5	12.5	10.5	10.5	11.5	17	16	8.5	21.5	26	23	14.5	
4.5	9.5	8	11	14	17.5	6	7	9	12.5	12.5	10.5	14	16	14.5	8.5	14	5.5	10.5	13	9	10	13.5	19	6	7.5	13	12.5	12.5	9	15	18	16	10	11.5	8.5	7	8.5	12.5	20	9	7	7	8	13.5	12.5	5	18	22.5	19.5	11	
10.5	15.5	14	17	20	23.5	12	13	15	18.5	18.5	16.5	20	22	20.5	14.5	20	11.5	16.5	19	15	16	19.5	25	12	13.5	19	18.5	18.5	15	21	24	22	16	17.5	14.5	13	14.5	18.5	26	15	13	13	14	19.5	18.5	11	24	28.5	25.5	17	
13.5	18.5	17	20	23	26.5	15	16	18	21.5	21.5	19.5	23	25	23.5	17.5	23	14.5	19.5	22	18	19	22.5	28	15	16.5	22	21.5	21.5	18	24	27	25	19	20.5	17.5	16	17.5	21.5	29	18	16	16	17	22.5	21.5	14	27	31.5	28.5	20	
11.5	16.5	15	18	21	24.5	13	14	16	19.5	19.5	17.5	21	23	21.5	15.5	21	12.5	17.5	20	16	17	20.5	26	13	14.5	20	19.5	19.5	16	22	25	23	17	18.5	15.5	14	15.5	19.5	27	16	14	14	15	20.5	19.5	12	25	29.5	26.5	18	
5.5	10.5	9	12	15	18.5	7	8	10	13.5	13.5	11.5	15	17	15.5	9.5	15	6.5	11.5	14	10	11	14.5	20	7	8.5	14	13.5	13.5	10	16	19	17	11	12.5	9.5	8	9.5	13.5	21	10	8	8	9	14.5	13.5	6	19	23.5	20.5	12	
7	12	10.5	13.5	16.5	20	8.5	9.5	11.5	15	15	13	16.5	18.5	17	11	16.5	8	13	15.5	11.5	12.5	16	21.5	8.5	10	15.5	15	15	11.5	17.5	20.5	18.5	12.5	14	11	9.5	11	15	22.5	11.5	9.5	9.5	10.5	16	15	7.5	20.5	25	22	13.5	
4	9	7.5	10.5	13.5	17	5.5	6.5	8.5	12	12	10	13.5	15.5	14	8	13.5	5	10	12.5	8.5	9.5	13	18.5	5.5	7	12.5	12	12	8.5	14.5	17.5	15.5	9.5	11	8	6.5	8	12	19.5	8.5	6.5	6.5	7.5	13	12	4.5	17.5	22	19	10.5	
2.5	7.5	6	9	12	15.5	4	5	7	10.5	10.5	8.5	12	14	12.5	6.5	12	3.5	8.5	11	7	8	11.5	17	4	5.5	11	10.5	10.5	7	13	16	14	8	9.5	6.5	5	6.5	10.5	18	7	5	5	6	11.5	10.5	3	16	20.5	17.5	9	
4	9	7.5	10.5	13.5	17	5.5	6.5	8.5	12	12	10	13.5	15.5	14	8	13.5	5	10	12.5	8.5	9.5	13	18.5	5.5	7	12.5	12	12	8.5	14.5	17.5	15.5	9.5	11	8	6.5	8	12	19.5	8.5	6.5	6.5	7.5	13	12	4.5	17.5	22	19	10.5	
8	13	11.5	14.5	17.5	21	9.5	10.5	12.5	16	16	14	17.5	19.5	18	12	17.5	9	14	16.5	12.5	13.5	17	22.5	9.5	11	16.5	16	16	12.5	18.5	21.5	19.5	13.5	15	12	10.5	12	16	23.5	12.5	10.5	10.5	11.5	17	16	8.5	21.5	26	23	14.5	
15.5	20.5	19	22	25	28.5	17	18	20	23.5	23.5	21.5	25	27	25.5	19.5	25	16.5	21.5	24	20	21	24.5	30	17	18.5	24	23.5	23.5	20	26	29	27	21	22.5	19.5	18	19.5	23.5	31	20	18	18	19	24.5	23.5	16	29	33.5	30.5	22	
4.5	9.5	8	11	14	17.5	6	7	9	12.5	12.5	10.5	14	16	14.5	8.5	14	5.5	10.5	13	9	10	13.5	19	6	7.5	13	12.5	12.5	9	15	18	16	10	11.5	8.5	7	8.5	12.5	20	9	7	7	8	13.5	12.5	5	18	22.5	19.5	11	
2.5	7.5	6	9	12	15.5	4	5	7	10.5	10.5	8.5	12	14	12.5	6.5	12	3.5	8.5	11	7	8	11.5	17	4	5.5	11	10.5	10.5	7	13	16	14	8	9.5	6.5	5	6.5	10.5	18	7	5	5	6	11.5	10.5	3	16	20.5	17.5	9	
2.5	7.5	6	9	12	15.5	4	5	7	10.5	10.5	8.5	12	14	12.5	6.5	12	3.5	8.5	11	7	8	11.5	17	4	5.5	11	10.5	10.5	7	13	16	14	8	9.5	6.5	5	6.5	10.5	18	7	5	5	6	11.5	10.5	3	16	20.5	17.5	9	
3.5	8.5	7	10	13	16.5	5	6	8	11.5	11.5	9.5	13	15	13.5	7.5	13	4.5	9.5	12	8	9	12.5	18	5	6.5	12	11.5	11.5	8	14	17	15	9	10.5	7.5	6	7.5	11.5	19	8	6	6	7	12.5	11.5	4	17	21.5	18.5	10	
9	14	12.5	15.5	18.5	22	10.5	11.5	13.5	17	17	15	18.5	20.5	19	13	18.5	10	15	17.5	13.5	14.5	18	23.5	10.5	12	17.5	17	17	13.5	19.5	22.5	20.5	14.5	16	13	11.5	13	17	24.5	13.5	11.5	11.5	12.5	18	17	9.5	22.5	27	24	15.5	
8	13	11.5	14.5	17.5	21	9.5	10.5	12.5	16	16	14	17.5	19.5	18	12	17.5	9	14	16.5	12.5	13.5	17	22.5	9.5	11	16.5	16	16	12.5	18.5	21.5	19.5	13.5	15	12	10.5	12	16	23.5	12.5	10.5	10.5	11.5	17	16	8.5	21.5	26	23	14.5	
0.5	5.5	4	7	10	13.5	2	3	5	8.5	8.5	6.5	10	12	10.5	4.5	10	1.5	6.5	9	5	6	9.5	15	2	3.5	9	8.5	8.5	5	11	14	12	6	7.5	4.5	3	4.5	8.5	16	5	3	3	4	9.5	8.5	1	14	18.5	15.5	7	
13.5	18.5	17	20	23	26.5	15	16	18	21.5	21.5	19.5	23	25	23.5	17.5	23	14.5	19.5	22	18	19	22.5	28	15	16.5	22	21.5	21.5	18	24	27	25	19	20.5	17.5	16	17.5	21.5	29	18	16	16	17	22.5	21.5	14	27	31.5	28.5	20	
18	23	21.5	24.5	27.5	31	19.5	20.5	22.5	26	26	24	27.5	29.5	28	22	27.5	19	24	26.5	22.5	23.5	27	32.5	19.5	21	26.5	26	26	22.5	28.5	31.5	29.5	23.5	25	22	20.5	22	26	33.5	22.5	20.5	20.5	21.5	27	26	18.5	31.5	36	33	24.5	
15	20	18.5	21.5	24.5	28	16.5	17.5	19.5	23	23	21	24.5	26.5	25	19	24.5	16	21	23.5	19.5	20.5	24	29.5	16.5	18	23.5	23	23	19.5	25.5	28.5	26.5	20.5	22	19	17.5	19	23	30.5	19.5	17.5	17.5	18.5	24	23	15.5	28.5	33	30	21.5	
6.5	11.5	10	13	16	19.5	8	9	11	14.5	14.5	12.5	16	18	16.5	10.5	16	7.5	12.5	15	11	12	15.5	21	8	9.5	15	14.5	14.5	11	17	20	18	12	13.5	10.5	9	10.5	14.5	22	11	9	9	10	15.5	14.5	7	20	24.5	21.5	13	
Distance
0	15.3	18	22.4	25	20.7	11.2	21.3	26.3	32.1	25.5	33.6	15	11.2	32.1	30.5	29.2	30.5	15.9	32.1	31.7	18.1	27	36.1	30	33.6	11.2	5	6.4	29.9	25.5	17.5	34	24.8	36.1	41.1	41.5	21.3	42.5	34	11.2	28.9	25.5	34.2	31.9	29.2	35.5	34.3	27.9	44	17	
15.3	0	32.6	14.6	32.3	32.3	24.9	21.1	31.6	17.9	15.6	26.5	16.7	26.5	46.9	45.4	42.5	40.8	22.9	28.3	16.5	29.3	39.3	46.2	27.8	37.7	19.5	10.9	12	24.1	11.1	10.5	20.9	12.4	24.8	27.3	40.6	35.9	56.9	41.6	24.1	42.1	40.8	49.4	46.1	36.7	39.1	33.8	28.2	39.9	6.4	
18	32.6	0	34.5	20.3	23.9	16.5	36.3	36.1	47.5	43.3	50.3	23.5	9.5	21.2	13	25.2	32.7	27.5	47.5	49.1	10.5	12.3	23.4	35	30.2	16.5	23	20.9	38.3	43.3	35.3	52	39.4	48.5	55.6	54.3	15.3	32.4	25.5	9.5	12.3	12.1	18.5	24.2	35.9	45.3	47.5	41.4	58.7	32.4	
22.4	14.6	34.5	0	25	42.8	33.6	35.4	45.1	15	29.2	40.4	11.2	32.1	53.2	47.2	51.5	52.3	35.4	42.8	22.4	27	36.5	40	14.2	27	18.1	20.7	16.2	9.5	21.3	25	31.3	7.3	14.2	21.6	55.1	43.1	64.1	33.4	25	40.2	45.3	52.9	53.9	49.5	53.1	48.3	42.6	54.2	8.3	
25	32.3	20.3	25	0	41.3	31.7	46.1	50.6	40	47.2	57.1	15.9	25.5	41.3	29.2	45	51	40.4	56.6	46.1	10	14.2	15	18.1	10	14.2	28.3	22.1	23.8	42.8	40	53	32.1	36.5	45.8	66.5	35	52.3	9.5	15.9	18.4	32.1	36.3	44.5	52.3	60	59.3	52.9	68.6	28.2	
20.7	32.3	23.9	42.8	41.3	0	10	20.7	14	50	33.6	35.4	35.4	15.9	20	29.2	11.2	10	11.2	30	46.1	31.7	36.1	47.2	50.3	51	30	22.4	27	50.5	39.1	27.3	43.9	44	56	59.5	32.7	11.2	27	48.5	25.5	35.5	20.2	28.2	16.5	12.1	22.3	27	22.1	39.1	36.3	
11.2	24.9	16.5	33.6	31.7	10	0	20.7	19.9	42.5	30.5	35.4	25.5	7.1	22.4	25.5	18.1	20	11.2	31.7	40.4	22.4	28.3	39.1	40.4	41.3	20	14.2	17.5	40.9	33.6	22.9	40.3	35.7	47.2	51.7	37.9	11.2	32.1	39.4	15.9	28.7	18.1	27.1	21.3	20.7	29.3	31.1	25.1	42.5	27.9	
21.3	21.1	36.3	35.4	46.1	20.7	20.7	0	12.3	36.5	14.2	15	33.6	27	40.4	46.1	31.7	25	10	11.2	29.2	39.1	47.2	57.1	47.5	54.1	32.1	18.1	24.7	44.8	22.4	11.2	24.3	33.1	45.3	45.6	20.6	30	47.5	55.2	32.1	48.4	38.3	47.1	37.2	18.5	18.2	13.5	7.3	22.9	27.2	
26.3	31.6	36.1	45.1	50.6	14	19.9	12.3	0	48.2	26.3	24.2	40.8	27	33.4	43	23	14	10.5	17.8	41.4	41.9	48.2	58.9	55.6	59.7	37.4	25.2	31.6	54.1	34.5	22.9	36.1	44	56.3	57.4	18.8	25.1	38.4	58.9	35	48.2	34.1	42.1	29.1	6.5	9.5	13.2	9.5	25.4	37.3	
32.1	17.9	47.5	15	40	50	42.5	36.5	48.2	0	25	35.4	25.5	43.1	64.1	60.5	60.3	58.4	40.4	40	11.2	41.3	51	55	27	41.3	31.7	28.3	27	20.2	15	25.3	22	8.3	11.2	9.5	53	53.2	74.4	48.3	38.1	54.6	57.2	65.4	63.7	53.8	54.4	47.2	42.8	49.7	15.3	
25.5	15.6	43.3	29.2	47.2	33.6	30.5	14.2	26.3	25	0	11.2	32.1	35	52.3	55	44.8	39.1	22.4	15	15.9	42.8	52.3	60.5	43.1	53.2	33.6	20.7	25.5	38.5	10	8.1	10.3	24.4	35.4	33.4	28	41.3	60.5	56.7	36.5	54.4	48.4	57.5	49.8	32.6	30.5	22.4	18.8	25.3	21.5	
33.6	26.5	50.3	40.4	57.1	35.4	35.4	15	24.2	35.4	11.2	0	42.5	41.3	55.3	60.9	46.1	38.1	25	7.1	25	51.5	60.5	69.5	54.1	63.7	43.1	29.2	35	49.7	20.7	17.1	15.6	35.5	46.1	43	18.7	45	61.9	66.5	44.8	62.1	53.2	62.1	51.8	30.5	24.8	15	14.8	14.4	32.5	
15	16.7	23.5	11.2	15.9	35.4	25.5	33.6	40.8	25.5	32.1	42.5	0	22.4	43.1	36.1	42.8	45.3	30.5	43.1	30.5	15.9	25.5	30.5	15	21.3	7.1	15.9	9.3	15.7	27	25.5	37.2	17.3	25	32.7	54.2	33.6	54.1	25.1	14.2	29.2	34.8	41.9	44.3	44.2	49.8	47	40.8	55	12.4	
11.2	26.5	9.5	32.1	25.5	15.9	7.1	27	27	43.1	35	41.3	22.4	0	21.3	20	20.7	25.5	18.1	38.1	42.8	15.9	21.3	32.1	36.5	35.4	15.9	15.9	16.3	38.1	36.5	27.1	44.3	35.5	46.1	51.9	44.9	11.2	32.1	32.7	10	21.7	14.4	23.1	22	27.3	36.3	38.1	32	49.3	27.9	
32.1	46.9	21.2	53.2	41.3	20	22.4	40.4	33.4	64.1	52.3	55.3	43.1	21.3	0	15.9	11.2	22.4	30.5	50	62.7	31.7	30	40.4	56	51	36.1	36.1	37.5	58.6	56	45	62.3	56.7	67.3	73	51.7	11.2	11.2	45.1	29.2	27.2	9.3	10.7	5.7	29.5	40.2	46.6	42.1	58.7	49	
30.5	45.4	13	47.2	29.2	29.2	25.5	46.1	43	60.5	55	60.9	36.1	20	15.9	0	25	35.4	36.5	57.1	61.9	21.3	15.9	25	46.1	38.1	29.2	35.4	33.9	50.3	56	47.1	64.2	52.4	61.1	68.5	61.8	18.1	25	30.9	22.4	12.2	9.3	7.3	21.1	40.9	51.4	55.6	50	67.5	45.4	
29.2	42.5	25.2	51.5	45	11.2	18.1	31.7	23	60.3	44.8	46.1	42.8	20.7	11.2	25	0	11.2	22.4	40.4	57.1	35	36.5	47.5	57.1	55	36.5	32.1	35.4	58.4	50	38.3	55.1	53.7	65.2	69.6	40.8	10	15.9	50.7	30.5	34.6	16.2	21.5	6.1	18.5	29.2	36.1	32.2	48.2	45.9	
30.5	40.8	32.7	52.3	51	10	20	25	14	58.4	39.1	38.1	45.3	25.5	22.4	35.4	11.2	0	18.1	31.7	53.2	41.3	44.8	56	60.3	60.9	40	31.7	36.7	60.3	46.1	34.1	49.3	52.9	65	67.8	30.2	18.1	25	57.9	35.4	43.6	26.2	32.5	17.1	8.1	18.3	26.2	23.5	38.1	45.4	
15.9	22.9	27.5	35.4	40.4	11.2	11.2	10	10.5	40.4	22.4	25	30.5	18.1	30.5	36.5	22.4	18.1	0	20.7	35.4	32.1	39.1	49.5	45.3	49.3	27	15	21.3	44.1	28.3	16.3	32.7	35.2	47.5	49.8	27	20	38.1	48.9	25	39.7	28.3	37.2	27.6	14.2	19.7	20	13.9	31.4	27.9	
32.1	28.3	47.5	42.8	56.6	30	31.7	11.2	17.8	40	15	7.1	43.1	38.1	50	57.1	40.4	31.7	20.7	0	30.5	50	58.4	68.1	56	64.1	42.5	28.3	34.8	52.3	25	17.9	22	38.9	50.3	48.3	13	40.4	56	65.8	43.1	59.5	48.9	57.6	46.2	23.8	17.7	8.1	8.3	12.1	34.6	
31.7	16.5	49.1	22.4	46.1	46.1	40.4	29.2	41.4	11.2	15.9	25	30.5	42.8	62.7	61.9	57.1	53.2	35.4	30.5	0	45	55	60.9	36.1	49.3	35	27	28.3	29.9	7.1	19.2	10.8	15.3	22.4	18	43.3	51.5	72.2	55.1	40.4	58.1	57.1	65.8	61.3	47.5	46.3	38.1	34.6	39.2	18.2	
18.1	29.3	10.5	27	10	31.7	22.4	39.1	41.9	41.3	42.8	51.5	15.9	15.9	31.7	21.3	35	41.3	32.1	50	45	0	10	18.1	25	20	10	22.4	17.5	29.1	40.4	35	50.1	33	40.4	48.5	58.8	25	42.8	17	7.1	13.4	22.5	27.9	34.6	43	51.4	51.7	45.3	61.9	27.1	
27	39.3	12.3	36.5	14.2	36.1	28.3	47.2	48.2	51	52.3	60.5	25.5	21.3	30	15.9	36.5	44.8	39.1	58.4	55	10	0	11.2	32.1	22.4	20	31.7	27.3	37.3	50.3	44.3	59.9	42.8	49.3	57.9	66	27	40.4	15.2	15.9	4.3	21.1	23.1	34.3	48.1	57.4	59.1	52.9	69.9	37.1	
36.1	46.2	23.4	40	15	47.2	39.1	57.1	58.9	55	60.5	69.5	30.5	32.1	40.4	25	47.5	56	49.5	68.1	60.9	18.1	11.2	0	31.7	18.1	27	40.4	35	38.1	57.1	52.8	67.1	47.1	51	60.6	76.4	38.1	50	8.7	25	13.2	31.8	32.1	45	59.1	68.3	69.4	63.1	79.9	42.8	
30	27.8	35	14.2	18.1	50.3	40.4	47.5	55.6	27	43.1	54.1	15	36.5	56	46.1	57.1	60.3	45.3	56	36.1	25	32.1	31.7	0	15	20.7	30.5	24.1	7.1	35.4	38.1	45.4	20.9	20	30.1	67.8	47.5	67.1	23.6	27	36.3	47.1	52.9	58	59.1	64.4	60.8	54.8	67.7	21.7	
33.6	37.7	30.2	27	10	51	41.3	54.1	59.7	41.3	53.2	63.7	21.3	35.4	51	38.1	55	60.9	49.3	64.1	49.3	20	22.4	18.1	15	0	22.4	36.1	29.5	22.1	47.2	46.7	57.5	34.2	35	45.1	74.7	45	61.9	9.5	25.5	26.5	41.8	45.4	54.4	61.7	69	67.5	61.1	76.1	32.5	
11.2	19.5	16.5	18.1	14.2	30	20	32.1	37.4	31.7	33.6	43.1	7.1	15.9	36.1	29.2	36.5	40	27	42.5	35	10	20	27	20.7	22.4	0	14.2	8.1	22.5	30.5	26.1	40.3	23.5	32.1	39.4	52.5	27	47.2	23.5	7.1	23.2	27.7	34.9	37.6	39.9	46.7	45.3	38.9	54.5	17.2	
5	10.9	23	20.7	28.3	22.4	14.2	18.1	25.2	28.3	20.7	29.2	15.9	15.9	36.1	35.4	32.1	31.7	15	28.3	27	22.4	31.7	40.4	30.5	36.1	14.2	0	6.8	29.1	20.7	12.7	29	21.7	33.6	37.6	38.6	25	46.1	37.6	15.9	33.8	30.1	38.9	35.4	29.1	34	31.4	25.1	40.4	13.9	
6.4	12	20.9	16.2	22.1	27	17.5	24.7	31.6	27	25.5	35	9.3	16.3	37.5	33.9	35.4	36.7	21.3	34.8	28.3	17.5	27.3	35	24.1	29.5	8.1	6.8	0	23.6	23.1	18.1	32.6	19.3	30	35.7	45.3	27.1	48.2	31.5	12.1	30.1	30.3	38.5	37.9	35.1	40.6	38.1	31.8	46.8	11.7	
29.9	24.1	38.3	9.5	23.8	50.5	40.9	44.8	54.1	20.2	38.5	49.7	15.7	38.1	58.6	50.3	58.4	60.3	44.1	52.3	29.9	29.1	37.3	38.1	7.1	22.1	22.5	29.1	23.6	0	30	34.5	39.7	14.9	13.1	23.1	64.6	49.2	69.7	30.3	29.5	41.4	50	56.6	60	58.2	62.3	57.8	52	63.6	17.8	
25.5	11.1	43.3	21.3	42.8	39.1	33.6	22.4	34.5	15	10	20.7	27	36.5	56	56	50	46.1	28.3	25	7.1	40.4	50.3	57.1	35.4	47.2	30.5	20.7	23.1	30	0	12.1	10.3	15.3	25.5	23.6	38	44.8	65.2	52	35	53.1	50.6	59.5	54.4	40.5	39.9	32.3	28.2	35	14.8	
17.5	10.5	35.3	25	40	27.3	22.9	11.2	22.9	25.3	8.1	17.1	25.5	27.1	45	47.1	38.3	34.1	16.3	17.9	19.2	35	44.3	52.8	38.1	46.7	26.1	12.7	18.1	34.5	12.1	0	17.5	22	34.2	34.6	30.1	33.9	53.8	49.5	28.5	46.4	40.7	49.7	43	28.7	29.3	23.4	18	29.7	16.8	
34	20.9	52	31.3	53	43.9	40.3	24.3	36.1	22	10.3	15.6	37.2	44.3	62.3	64.2	55.1	49.3	32.7	22	10.8	50.1	59.9	67.1	45.4	57.5	40.3	29	32.6	39.7	10.3	17.5	0	24.8	33.2	28.3	34.3	51.3	70.7	62.3	44.3	62.4	58.1	67.1	60.1	42.5	39.2	30	27.9	29.1	25.1	
24.8	12.4	39.4	7.3	32.1	44	35.7	33.1	44	8.3	24.4	35.5	17.3	35.5	56.7	52.4	53.7	52.9	35.2	38.9	15.3	33	42.8	47.1	20.9	34.2	23.5	21.7	19.3	14.9	15.3	22	24.8	0	12.4	16.5	51.7	46	67.2	40.7	30	46.4	49.5	57.5	56.7	49.1	51.2	45.2	40	49.7	7.9	
36.1	24.8	48.5	14.2	36.5	56	47.2	45.3	56.3	11.2	35.4	46.1	25	46.1	67.3	61.1	65.2	65	47.5	50.3	22.4	40.4	49.3	51	20	35	32.1	33.6	30	13.1	25.5	34.2	33.2	12.4	0	10.2	63.2	57.1	78.2	43.3	39.1	53.3	59.5	66.9	67.9	61.5	63.4	57.1	52.1	60.5	19.7	
41.1	27.3	55.6	21.6	45.8	59.5	51.7	45.6	57.4	9.5	33.4	43	32.7	51.9	73	68.5	69.6	67.8	49.8	48.3	18	48.5	57.9	60.6	30.1	45.1	39.4	37.6	35.7	23.1	23.6	34.6	28.3	16.5	10.2	0	61.3	62.3	83.5	53.1	46.2	61.7	65.9	73.8	72.9	63.1	63.4	55.8	51.7	57.1	24.1	
41.5	40.6	54.3	55.1	66.5	32.7	37.9	20.6	18.8	53	28	18.7	54.2	44.9	51.7	61.8	40.8	30.2	27	13	43.3	58.8	66	76.4	67.8	74.7	52.5	38.6	45.3	64.6	38	30.1	34.3	51.7	63.2	61.3	0	43.9	55.1	75.3	51.7	66.5	52.9	60.8	46.9	22.4	12	7.3	13.7	9	46.9	
21.3	35.9	15.3	43.1	35	11.2	11.2	30	25.1	53.2	41.3	45	33.6	11.2	11.2	18.1	10	18.1	20	40.4	51.5	25	27	38.1	47.5	45	27	25	27.1	49.2	44.8	33.9	51.3	46	57.1	62.3	43.9	0	21.3	40.8	20.7	25.6	9	17.3	10.9	22.9	33.3	38	32.8	50	38.2	
42.5	56.9	32.4	64.1	52.3	27	32.1	47.5	38.4	74.4	60.5	61.9	54.1	32.1	11.2	25	15.9	25	38.1	56	72.2	42.8	40.4	50	67.1	61.9	47.2	46.1	48.2	69.7	65.2	53.8	70.7	67.2	78.2	83.5	55.1	21.3	0	55.5	40.4	37.1	20.3	18.2	10.9	33.1	43.2	51.1	47.7	63.1	59.4	
34	41.6	25.5	33.4	9.5	48.5	39.4	55.2	58.9	48.3	56.7	66.5	25.1	32.7	45.1	30.9	50.7	57.9	48.9	65.8	55.1	17	15.2	8.7	23.6	9.5	23.5	37.6	31.5	30.3	52	49.5	62.3	40.7	43.3	53.1	75.3	40.8	55.5	0	23.9	18.7	36	38.1	49.1	60	68.3	68.2	61.8	77.8	37.4	
11.2	24.1	9.5	25	15.9	25.5	15.9	32.1	35	38.1	36.5	44.8	14.2	10	29.2	22.4	30.5	35.4	25	43.1	40.4	7.1	15.9	25	27	25.5	7.1	15.9	12.1	29.5	35	28.5	44.3	30	39.1	46.2	51.7	20.7	40.4	23.9	0	18.2	20.7	27.9	31.1	36.5	44.5	44.6	38.2	54.9	23.1	
28.9	42.1	12.3	40.2	18.4	35.5	28.7	48.4	48.2	54.6	54.4	62.1	29.2	21.7	27.2	12.2	34.6	43.6	39.7	59.5	58.1	13.4	4.3	13.2	36.3	26.5	23.2	33.8	30.1	41.4	53.1	46.4	62.4	46.4	53.3	61.7	66.5	25.6	37.1	18.7	18.2	0	18.7	19.5	31.8	47.6	57.3	59.7	53.6	70.9	40.4	
25.5	40.8	12.1	45.3	32.1	20.2	18.1	38.3	34.1	57.2	48.4	53.2	34.8	14.4	9.3	9.3	16.2	26.2	28.3	48.9	57.1	22.5	21.1	31.8	47.1	41.8	27.7	30.1	30.3	50	50.6	40.7	58.1	49.5	59.5	65.9	52.9	9	20.3	36	20.7	18.7	0	9.1	13.2	31.7	42.2	46.9	41.5	58.9	41.9	
34.2	49.4	18.5	52.9	36.3	28.2	27.1	47.1	42.1	65.4	57.5	62.1	41.9	23.1	10.7	7.3	21.5	32.5	37.2	57.6	65.8	27.9	23.1	32.1	52.9	45.4	34.9	38.9	38.5	56.6	59.5	49.7	67.1	57.5	66.9	73.8	60.8	17.3	18.2	38.1	27.9	19.5	9.1	0	16.3	39	49.7	55.1	50.1	67.2	50.2	
31.9	46.1	24.2	53.9	44.5	16.5	21.3	37.2	29.1	63.7	49.8	51.8	44.3	22	5.7	21.1	6.1	17.1	27.6	46.2	61.3	34.6	34.3	45	58	54.4	37.6	35.4	37.9	60	54.4	43	60.1	56.7	67.9	72.9	46.9	10.9	10.9	49.1	31.1	31.8	13.2	16.3	0	24.6	35.2	42.2	38.1	54.3	48.9	
29.2	36.7	35.9	49.5	52.3	12.1	20.7	18.5	6.5	53.8	32.6	30.5	44.2	27.3	29.5	40.9	18.5	8.1	14.2	23.8	47.5	43	48.1	59.1	59.1	61.7	39.9	29.1	35.1	58.2	40.5	28.7	42.5	49.1	61.5	63.1	22.4	22.9	33.1	60	36.5	47.6	31.7	39	24.6	0	10.8	18.2	15.7	30	42	
35.5	39.1	45.3	53.1	60	22.3	29.3	18.2	9.5	54.4	30.5	24.8	49.8	36.3	40.2	51.4	29.2	18.3	19.7	17.7	46.3	51.4	57.4	68.3	64.4	69	46.7	34	40.6	62.3	39.9	29.3	39.2	51.2	63.4	63.4	12	33.3	43.2	68.3	44.5	57.3	42.2	49.7	35.2	10.8	0	10	11.8	20.4	45.1	
34.3	33.8	47.5	48.3	59.3	27	31.1	13.5	13.2	47.2	22.4	15	47	38.1	46.6	55.6	36.1	26.2	20	8.1	38.1	51.7	59.1	69.4	60.8	67.5	45.3	31.4	38.1	57.8	32.3	23.4	30	45.2	57.1	55.8	7.3	38	51.1	68.2	44.6	59.7	46.9	55.1	42.2	18.2	10	0	6.5	12.2	40.1	
27.9	28.2	41.4	42.6	52.9	22.1	25.1	7.3	9.5	42.8	18.8	14.8	40.8	32	42.1	50	32.2	23.5	13.9	8.3	34.6	45.3	52.9	63.1	54.8	61.1	38.9	25.1	31.8	52	28.2	18	27.9	40	52.1	51.7	13.7	32.8	47.7	61.8	38.2	53.6	41.5	50.1	38.1	15.7	11.8	6.5	0	17.5	34.4	
44	39.9	58.7	54.2	68.6	39.1	42.5	22.9	25.4	49.7	25.3	14.4	55	49.3	58.7	67.5	48.2	38.1	31.4	12.1	39.2	61.9	69.9	79.9	67.7	76.1	54.5	40.4	46.8	63.6	35	29.7	29.1	49.7	60.5	57.1	9	50	63.1	77.8	54.9	70.9	58.9	67.2	54.3	30	20.4	12.2	17.5	0	46.1	
17	6.4	32.4	8.3	28.2	36.3	27.9	27.2	37.3	15.3	21.5	32.5	12.4	27.9	49	45.4	45.9	45.4	27.9	34.6	18.2	27.1	37.1	42.8	21.7	32.5	17.2	13.9	11.7	17.8	14.8	16.8	25.1	7.9	19.7	24.1	46.9	38.2	59.4	37.4	23.1	40.4	41.9	50.2	48.9	42	45.1	40.1	34.4	46.1	0	
Time
0	15.3	18	22.4	25	20.7	11.2	21.3	26.3	32.1	25.5	33.6	15	11.2	32.1	30.5	29.2	30.5	15.9	32.1	31.7	18.1	27	36.1	30	33.6	11.2	5	6.4	29.9	25.5	17.5	34	24.8	36.1	41.1	41.5	21.3	42.5	34	11.2	28.9	25.5	34.2	31.9	29.2	35.5	34.3	27.9	44	17	
25.3	10	42.6	24.6	42.3	42.3	34.9	31.1	41.6	27.9	25.6	36.5	26.7	36.5	56.9	55.4	52.5	50.8	32.9	38.3	26.5	39.3	49.3	56.2	37.8	47.7	29.5	20.9	22	34.1	21.1	20.5	30.9	22.4	34.8	37.3	50.6	45.9	66.9	51.6	34.1	52.1	50.8	59.4	56.1	46.7	49.1	43.8	38.2	49.9	16.4	
28	42.6	10	44.5	30.3	33.9	26.5	46.3	46.1	57.5	53.3	60.3	33.5	19.5	31.2	23	35.2	42.7	37.5	57.5	59.1	20.5	22.3	33.4	45	40.2	26.5	33	30.9	48.3	53.3	45.3	62	49.4	58.5	65.6	64.3	25.3	42.4	35.5	19.5	22.3	22.1	28.5	34.2	45.9	55.3	57.5	51.4	68.7	42.4	
32.4	24.6	44.5	10	35	52.8	43.6	45.4	55.1	25	39.2	50.4	21.2	42.1	63.2	57.2	61.5	62.3	45.4	52.8	32.4	37	46.5	50	24.2	37	28.1	30.7	26.2	19.5	31.3	35	41.3	17.3	24.2	31.6	65.1	53.1	74.1	43.4	35	50.2	55.3	62.9	63.9	59.5	63.1	58.3	52.6	64.2	18.3	
35	42.3	30.3	35	10	51.3	41.7	56.1	60.6	50	57.2	67.1	25.9	35.5	51.3	39.2	55	61	50.4	66.6	56.1	20	24.2	25	28.1	20	24.2	38.3	32.1	33.8	52.8	50	63	42.1	46.5	55.8	76.5	45	62.3	19.5	25.9	28.4	42.1	46.3	54.5	62.3	70	69.3	62.9	78.6	38.2	
30.7	42.3	33.9	52.8	51.3	10	20	30.7	24	60	43.6	45.4	45.4	25.9	30	39.2	21.2	20	21.2	40	56.1	41.7	46.1	57.2	60.3	61	40	32.4	37	60.5	49.1	37.3	53.9	54	66	69.5	42.7	21.2	37	58.5	35.5	45.5	30.2	38.2	26.5	22.1	32.3	37	32.1	49.1	46.3	
21.2	34.9	26.5	43.6	41.7	20	10	30.7	29.9	52.5	40.5	45.4	35.5	17.1	32.4	35.5	28.1	30	21.2	41.7	50.4	32.4	38.3	49.1	50.4	51.3	30	24.2	27.5	50.9	43.6	32.9	50.3	45.7	57.2	61.7	47.9	21.2	42.1	49.4	25.9	38.7	28.1	37.1	31.3	30.7	39.3	41.1	35.1	52.5	37.9	
31.3	31.1	46.3	45.4	56.1	30.7	30.7	10	22.3	46.5	24.2	25	43.6	37	50.4	56.1	41.7	35	20	21.2	39.2	49.1	57.2	67.1	57.5	64.1	42.1	28.1	34.7	54.8	32.4	21.2	34.3	43.1	55.3	55.6	30.6	40	57.5	65.2	42.1	58.4	48.3	57.1	47.2	28.5	28.2	23.5	17.3	32.9	37.2	
36.3	41.6	46.1	55.1	60.6	24	29.9	22.3	10	58.2	36.3	34.2	50.8	37	43.4	53	33	24	20.5	27.8	51.4	51.9	58.2	68.9	65.6	69.7	47.4	35.2	41.6	64.1	44.5	32.9	46.1	54	66.3	67.4	28.8	35.1	48.4	68.9	45	58.2	44.1	52.1	39.1	16.5	19.5	23.2	19.5	35.4	47.3	
42.1	27.9	57.5	25	50	60	52.5	46.5	58.2	10	35	45.4	35.5	53.1	74.1	70.5	70.3	68.4	50.4	50	21.2	51.3	61	65	37	51.3	41.7	38.3	37	30.2	25	35.3	32	18.3	21.2	19.5	63	63.2	84.4	58.3	48.1	64.6	67.2	75.4	73.7	63.8	64.4	57.2	52.8	59.7	25.3	
35.5	25.6	53.3	39.2	57.2	43.6	40.5	24.2	36.3	35	10	21.2	42.1	45	62.3	65	54.8	49.1	32.4	25	25.9	52.8	62.3	70.5	53.1	63.2	43.6	30.7	35.5	48.5	20	18.1	20.3	34.4	45.4	43.4	38	51.3	70.5	66.7	46.5	64.4	58.4	67.5	59.8	42.6	40.5	32.4	28.8	35.3	31.5	
43.6	36.5	60.3	50.4	67.1	45.4	45.4	25	34.2	45.4	21.2	10	52.5	51.3	65.3	70.9	56.1	48.1	35	17.1	35	61.5	70.5	79.5	64.1	73.7	53.1	39.2	45	59.7	30.7	27.1	25.6	45.5	56.1	53	28.7	55	71.9	76.5	54.8	72.1	63.2	72.1	61.8	40.5	34.8	25	24.8	24.4	42.5	
25	26.7	33.5	21.2	25.9	45.4	35.5	43.6	50.8	35.5	42.1	52.5	10	32.4	53.1	46.1	52.8	55.3	40.5	53.1	40.5	25.9	35.5	40.5	25	31.3	17.1	25.9	19.3	25.7	37	35.5	47.2	27.3	35	42.7	64.2	43.6	64.1	35.1	24.2	39.2	44.8	51.9	54.3	54.2	59.8	57	50.8	65	22.4	
21.2	36.5	19.5	42.1	35.5	25.9	17.1	37	37	53.1	45	51.3	32.4	10	31.3	30	30.7	35.5	28.1	48.1	52.8	25.9	31.3	42.1	46.5	45.4	25.9	25.9	26.3	48.1	46.5	37.1	54.3	45.5	56.1	61.9	54.9	21.2	42.1	42.7	20	31.7	24.4	33.1	32	37.3	46.3	48.1	42	59.3	37.9	
42.1	56.9	31.2	63.2	51.3	30	32.4	50.4	43.4	74.1	62.3	65.3	53.1	31.3	10	25.9	21.2	32.4	40.5	60	72.7	41.7	40	50.4	66	61	46.1	46.1	47.5	68.6	66	55	72.3	66.7	77.3	83	61.7	21.2	21.2	55.1	39.2	37.2	19.3	20.7	15.7	39.5	50.2	56.6	52.1	68.7	59	
40.5	55.4	23	57.2	39.2	39.2	35.5	56.1	53	70.5	65	70.9	46.1	30	25.9	10	35	45.4	46.5	67.1	71.9	31.3	25.9	35	56.1	48.1	39.2	45.4	43.9	60.3	66	57.1	74.2	62.4	71.1	78.5	71.8	28.1	35	40.9	32.4	22.2	19.3	17.3	31.1	50.9	61.4	65.6	60	77.5	55.4	
39.2	52.5	35.2	61.5	55	21.2	28.1	41.7	33	70.3	54.8	56.1	52.8	30.7	21.2	35	10	21.2	32.4	50.4	67.1	45	46.5	57.5	67.1	65	46.5	42.1	45.4	68.4	60	48.3	65.1	63.7	75.2	79.6	50.8	20	25.9	60.7	40.5	44.6	26.2	31.5	16.1	28.5	39.2	46.1	42.2	58.2	55.9	
40.5	50.8	42.7	62.3	61	20	30	35	24	68.4	49.1	48.1	55.3	35.5	32.4	45.4	21.2	10	28.1	41.7	63.2	51.3	54.8	66	70.3	70.9	50	41.7	46.7	70.3	56.1	44.1	59.3	62.9	75	77.8	40.2	28.1	35	67.9	45.4	53.6	36.2	42.5	27.1	18.1	28.3	36.2	33.5	48.1	55.4	
25.9	32.9	37.5	45.4	50.4	21.2	21.2	20	20.5	50.4	32.4	35	40.5	28.1	40.5	46.5	32.4	28.1	10	30.7	45.4	42.1	49.1	59.5	55.3	59.3	37	25	31.3	54.1	38.3	26.3	42.7	45.2	57.5	59.8	37	30	48.1	58.9	35	49.7	38.3	47.2	37.6	24.2	29.7	30	23.9	41.4	37.9	
42.1	38.3	57.5	52.8	66.6	40	41.7	21.2	27.8	50	25	17.1	53.1	48.1	60	67.1	50.4	41.7	30.7	10	40.5	60	68.4	78.1	66	74.1	52.5	38.3	44.8	62.3	35	27.9	32	48.9	60.3	58.3	23	50.4	66	75.8	53.1	69.5	58.9	67.6	56.2	33.8	27.7	18.1	18.3	22.1	44.6	
41.7	26.5	59.1	32.4	56.1	56.1	50.4	39.2	51.4	21.2	25.9	35	40.5	52.8	72.7	71.9	67.1	63.2	45.4	40.5	10	55	65	70.9	46.1	59.3	45	37	38.3	39.9	17.1	29.2	20.8	25.3	32.4	28	53.3	61.5	82.2	65.1	50.4	68.1	67.1	75.8	71.3	57.5	56.3	48.1	44.6	49.2	28.2	
28.1	39.3	20.5	37	20	41.7	32.4	49.1	51.9	51.3	52.8	61.5	25.9	25.9	41.7	31.3	45	51.3	42.1	60	55	10	20	28.1	35	30	20	32.4	27.5	39.1	50.4	45	60.1	43	50.4	58.5	68.8	35	52.8	27	17.1	23.4	32.5	37.9	44.6	53	61.4	61.7	55.3	71.9	37.1	
37	49.3	22.3	46.5	24.2	46.1	38.3	57.2	58.2	61	62.3	70.5	35.5	31.3	40	25.9	46.5	54.8	49.1	68.4	65	20	10	21.2	42.1	32.4	30	41.7	37.3	47.3	60.3	54.3	69.9	52.8	59.3	67.9	76	37	50.4	25.2	25.9	14.3	31.1	33.1	44.3	58.1	67.4	69.1	62.9	79.9	47.1	
46.1	56.2	33.4	50	25	57.2	49.1	67.1	68.9	65	70.5	79.5	40.5	42.1	50.4	35	57.5	66	59.5	78.1	70.9	28.1	21.2	10	41.7	28.1	37	50.4	45	48.1	67.1	62.8	77.1	57.1	61	70.6	86.4	48.1	60	18.7	35	23.2	41.8	42.1	55	69.1	78.3	79.4	73.1	89.9	52.8	
40	37.8	45	24.2	28.1	60.3	50.4	57.5	65.6	37	53.1	64.1	25	46.5	66	56.1	67.1	70.3	55.3	66	46.1	35	42.1	41.7	10	25	30.7	40.5	34.1	17.1	45.4	48.1	55.4	30.9	30	40.1	77.8	57.5	77.1	33.6	37	46.3	57.1	62.9	68	69.1	74.4	70.8	64.8	77.7	31.7	
43.6	47.7	40.2	37	20	61	51.3	64.1	69.7	51.3	63.2	73.7	31.3	45.4	61	48.1	65	70.9	59.3	74.1	59.3	30	32.4	28.1	25	10	32.4	46.1	39.5	32.1	57.2	56.7	67.5	44.2	45	55.1	84.7	55	71.9	19.5	35.5	36.5	51.8	55.4	64.4	71.7	79	77.5	71.1	86.1	42.5	
21.2	29.5	26.5	28.1	24.2	40	30	42.1	47.4	41.7	43.6	53.1	17.1	25.9	46.1	39.2	46.5	50	37	52.5	45	20	30	37	30.7	32.4	10	24.2	18.1	32.5	40.5	36.1	50.3	33.5	42.1	49.4	62.5	37	57.2	33.5	17.1	33.2	37.7	44.9	47.6	49.9	56.7	55.3	48.9	64.5	27.2	
15	20.9	33	30.7	38.3	32.4	24.2	28.1	35.2	38.3	30.7	39.2	25.9	25.9	46.1	45.4	42.1	41.7	25	38.3	37	32.4	41.7	50.4	40.5	46.1	24.2	10	16.8	39.1	30.7	22.7	39	31.7	43.6	47.6	48.6	35	56.1	47.6	25.9	43.8	40.1	48.9	45.4	39.1	44	41.4	35.1	50.4	23.9	
16.4	22	30.9	26.2	32.1	37	27.5	34.7	41.6	37	35.5	45	19.3	26.3	47.5	43.9	45.4	46.7	31.3	44.8	38.3	27.5	37.3	45	34.1	39.5	18.1	16.8	10	33.6	33.1	28.1	42.6	29.3	40	45.7	55.3	37.1	58.2	41.5	22.1	40.1	40.3	48.5	47.9	45.1	50.6	48.1	41.8	56.8	21.7	
39.9	34.1	48.3	19.5	33.8	60.5	50.9	54.8	64.1	30.2	48.5	59.7	25.7	48.1	68.6	60.3	68.4	70.3	54.1	62.3	39.9	39.1	47.3	48.1	17.1	32.1	32.5	39.1	33.6	10	40	44.5	49.7	24.9	23.1	33.1	74.6	59.2	79.7	40.3	39.5	51.4	60	66.6	70	68.2	72.3	67.8	62	73.6	27.8	
35.5	21.1	53.3	31.3	52.8	49.1	43.6	32.4	44.5	25	20	30.7	37	46.5	66	66	60	56.1	38.3	35	17.1	50.4	60.3	67.1	45.4	57.2	40.5	30.7	33.1	40	10	22.1	20.3	25.3	35.5	33.6	48	54.8	75.2	62	45	63.1	60.6	69.5	64.4	50.5	49.9	42.3	38.2	45	24.8	
27.5	20.5	45.3	35	50	37.3	32.9	21.2	32.9	35.3	18.1	27.1	35.5	37.1	55	57.1	48.3	44.1	26.3	27.9	29.2	45	54.3	62.8	48.1	56.7	36.1	22.7	28.1	44.5	22.1	10	27.5	32	44.2	44.6	40.1	43.9	63.8	59.5	38.5	56.4	50.7	59.7	53	38.7	39.3	33.4	28	39.7	26.8	
44	30.9	62	41.3	63	53.9	50.3	34.3	46.1	32	20.3	25.6	47.2	54.3	72.3	74.2	65.1	59.3	42.7	32	20.8	60.1	69.9	77.1	55.4	67.5	50.3	39	42.6	49.7	20.3	27.5	10	34.8	43.2	38.3	44.3	61.3	80.7	72.3	54.3	72.4	68.1	77.1	70.1	52.5	49.2	40	37.9	39.1	35.1	
34.8	22.4	49.4	17.3	42.1	54	45.7	43.1	54	18.3	34.4	45.5	27.3	45.5	66.7	62.4	63.7	62.9	45.2	48.9	25.3	43	52.8	57.1	30.9	44.2	33.5	31.7	29.3	24.9	25.3	32	34.8	10	22.4	26.5	61.7	56	77.2	50.7	40	56.4	59.5	67.5	66.7	59.1	61.2	55.2	50	59.7	17.9	
46.1	34.8	58.5	24.2	46.5	66	57.2	55.3	66.3	21.2	45.4	56.1	35	56.1	77.3	71.1	75.2	75	57.5	60.3	32.4	50.4	59.3	61	30	45	42.1	43.6	40	23.1	35.5	44.2	43.2	22.4	10	20.2	73.2	67.1	88.2	53.3	49.1	63.3	69.5	76.9	77.9	71.5	73.4	67.1	62.1	70.5	29.7	
51.1	37.3	65.6	31.6	55.8	69.5	61.7	55.6	67.4	19.5	43.4	53	42.7	61.9	83	78.5	79.6	77.8	59.8	58.3	28	58.5	67.9	70.6	40.1	55.1	49.4	47.6	45.7	33.1	33.6	44.6	38.3	26.5	20.2	10	71.3	72.3	93.5	63.1	56.2	71.7	75.9	83.8	82.9	73.1	73.4	65.8	61.7	67.1	34.1	
51.5	50.6	64.3	65.1	76.5	42.7	47.9	30.6	28.8	63	38	28.7	64.2	54.9	61.7	71.8	50.8	40.2	37	23	53.3	68.8	76	86.4	77.8	84.7	62.5	48.6	55.3	74.6	48	40.1	44.3	61.7	73.2	71.3	10	53.9	65.1	85.3	61.7	76.5	62.9	70.8	56.9	32.4	22	17.3	23.7	19	56.9	
31.3	45.9	25.3	53.1	45	21.2	21.2	40	35.1	63.2	51.3	55	43.6	21.2	21.2	28.1	20	28.1	30	50.4	61.5	35	37	48.1	57.5	55	37	35	37.1	59.2	54.8	43.9	61.3	56	67.1	72.3	53.9	10	31.3	50.8	30.7	35.6	19	27.3	20.9	32.9	43.3	48	42.8	60	48.2	
52.5	66.9	42.4	74.1	62.3	37	42.1	57.5	48.4	84.4	70.5	71.9	64.1	42.1	21.2	35	25.9	35	48.1	66	82.2	52.8	50.4	60	77.1	71.9	57.2	56.1	58.2	79.7	75.2	63.8	80.7	77.2	88.2	93.5	65.1	31.3	10	65.5	50.4	47.1	30.3	28.2	20.9	43.1	53.2	61.1	57.7	73.1	69.4	
44	51.6	35.5	43.4	19.5	58.5	49.4	65.2	68.9	58.3	66.7	76.5	35.1	42.7	55.1	40.9	60.7	67.9	58.9	75.8	65.1	27	25.2	18.7	33.6	19.5	33.5	47.6	41.5	40.3	62	59.5	72.3	50.7	53.3	63.1	85.3	50.8	65.5	10	33.9	28.7	46	48.1	59.1	70	78.3	78.2	71.8	87.8	47.4	
21.2	34.1	19.5	35	25.9	35.5	25.9	42.1	45	48.1	46.5	54.8	24.2	20	39.2	32.4	40.5	45.4	35	53.1	50.4	17.1	25.9	35	37	35.5	17.1	25.9	22.1	39.5	45	38.5	54.3	40	49.1	56.2	61.7	30.7	50.4	33.9	10	28.2	30.7	37.9	41.1	46.5	54.5	54.6	48.2	64.9	33.1	
38.9	52.1	22.3	50.2	28.4	45.5	38.7	58.4	58.2	64.6	64.4	72.1	39.2	31.7	37.2	22.2	44.6	53.6	49.7	69.5	68.1	23.4	14.3	23.2	46.3	36.5	33.2	43.8	40.1	51.4	63.1	56.4	72.4	56.4	63.3	71.7	76.5	35.6	47.1	28.7	28.2	10	28.7	29.5	41.8	57.6	67.3	69.7	63.6	80.9	50.4	
35.5	50.8	22.1	55.3	42.1	30.2	28.1	48.3	44.1	67.2	58.4	63.2	44.8	24.4	19.3	19.3	26.2	36.2	38.3	58.9	67.1	32.5	31.1	41.8	57.1	51.8	37.7	40.1	40.3	60	60.6	50.7	68.1	59.5	69.5	75.9	62.9	19	30.3	46	30.7	28.7	10	19.1	23.2	41.7	52.2	56.9	51.5	68.9	51.9	
44.2	59.4	28.5	62.9	46.3	38.2	37.1	57.1	52.1	75.4	67.5	72.1	51.9	33.1	20.7	17.3	31.5	42.5	47.2	67.6	75.8	37.9	33.1	42.1	62.9	55.4	44.9	48.9	48.5	66.6	69.5	59.7	77.1	67.5	76.9	83.8	70.8	27.3	28.2	48.1	37.9	29.5	19.1	10	26.3	49	59.7	65.1	60.1	77.2	60.2	
41.9	56.1	34.2	63.9	54.5	26.5	31.3	47.2	39.1	73.7	59.8	61.8	54.3	32	15.7	31.1	16.1	27.1	37.6	56.2	71.3	44.6	44.3	55	68	64.4	47.6	45.4	47.9	70	64.4	53	70.1	66.7	77.9	82.9	56.9	20.9	20.9	59.1	41.1	41.8	23.2	26.3	10	34.6	45.2	52.2	48.1	64.3	58.9	
39.2	46.7	45.9	59.5	62.3	22.1	30.7	28.5	16.5	63.8	42.6	40.5	54.2	37.3	39.5	50.9	28.5	18.1	24.2	33.8	57.5	53	58.1	69.1	69.1	71.7	49.9	39.1	45.1	68.2	50.5	38.7	52.5	59.1	71.5	73.1	32.4	32.9	43.1	70	46.5	57.6	41.7	49	34.6	10	20.8	28.2	25.7	40	52	
45.5	49.1	55.3	63.1	70	32.3	39.3	28.2	19.5	64.4	40.5	34.8	59.8	46.3	50.2	61.4	39.2	28.3	29.7	27.7	56.3	61.4	67.4	78.3	74.4	79	56.7	44	50.6	72.3	49.9	39.3	49.2	61.2	73.4	73.4	22	43.3	53.2	78.3	54.5	67.3	52.2	59.7	45.2	20.8	10	20	21.8	30.4	55.1	
44.3	43.8	57.5	58.3	69.3	37	41.1	23.5	23.2	57.2	32.4	25	57	48.1	56.6	65.6	46.1	36.2	30	18.1	48.1	61.7	69.1	79.4	70.8	77.5	55.3	41.4	48.1	67.8	42.3	33.4	40	55.2	67.1	65.8	17.3	48	61.1	78.2	54.6	69.7	56.9	65.1	52.2	28.2	20	10	16.5	22.2	50.1	
37.9	38.2	51.4	52.6	62.9	32.1	35.1	17.3	19.5	52.8	28.8	24.8	50.8	42	52.1	60	42.2	33.5	23.9	18.3	44.6	55.3	62.9	73.1	64.8	71.1	48.9	35.1	41.8	62	38.2	28	37.9	50	62.1	61.7	23.7	42.8	57.7	71.8	48.2	63.6	51.5	60.1	48.1	25.7	21.8	16.5	10	27.5	44.4	
54	49.9	68.7	64.2	78.6	49.1	52.5	32.9	35.4	59.7	35.3	24.4	65	59.3	68.7	77.5	58.2	48.1	41.4	22.1	49.2	71.9	79.9	89.9	77.7	86.1	64.5	50.4	56.8	73.6	45	39.7	39.1	59.7	70.5	67.1	19	60	73.1	87.8	64.9	80.9	68.9	77.2	64.3	40	30.4	22.2	27.5	10	56.1	
27	16.4	42.4	18.3	38.2	46.3	37.9	37.2	47.3	25.3	31.5	42.5	22.4	37.9	59	55.4	55.9	55.4	37.9	44.6	28.2	37.1	47.1	52.8	31.7	42.5	27.2	23.9	21.7	27.8	24.8	26.8	35.1	17.9	29.7	34.1	56.9	48.2	69.4	47.4	33.1	50.4	51.9	60.2	58.9	52	55.1	50.1	44.4	56.1	10	
Real Cost
0	15.3	18	22.4	25	20.7	11.2	21.3	26.3	32.1	25.5	33.6	15	11.2	32.1	30.5	29.2	30.5	15.9	32.1	31.7	18.1	27	36.1	30	33.6	11.2	5	6.4	29.9	25.5	17.5	34	24.8	36.1	41.1	41.5	21.3	42.5	34	11.2	28.9	25.5	34.2	31.9	29.2	35.5	34.3	27.9	44	17	
15.3	0	32.6	14.6	32.3	32.3	24.9	21.1	31.6	17.9	15.6	26.5	16.7	26.5	46.9	45.4	42.5	40.8	22.9	28.3	16.5	29.3	39.3	46.2	27.8	37.7	19.5	10.9	12	24.1	11.1	10.5	20.9	12.4	24.8	27.3	40.6	35.9	56.9	41.6	24.1	42.1	40.8	49.4	46.1	36.7	39.1	33.8	28.2	39.9	6.4	
18	32.6	0	34.5	20.3	23.9	16.5	36.3	36.1	47.5	43.3	50.3	23.5	9.5	21.2	13	25.2	32.7	27.5	47.5	49.1	10.5	12.3	23.4	35	30.2	16.5	23	20.9	38.3	43.3	35.3	52	39.4	48.5	55.6	54.3	15.3	32.4	25.5	9.5	12.3	12.1	18.5	24.2	35.9	45.3	47.5	41.4	58.7	32.4	
22.4	14.6	34.5	0	25	42.8	33.6	35.4	45.1	15	29.2	40.4	11.2	32.1	53.2	47.2	51.5	52.3	35.4	42.8	22.4	27	36.5	40	14.2	27	18.1	20.7	16.2	9.5	21.3	25	31.3	7.3	14.2	21.6	55.1	43.1	64.1	33.4	25	40.2	45.3	52.9	53.9	49.5	53.1	48.3	42.6	54.2	8.3	
25	32.3	20.3	25	0	41.3	31.7	46.1	50.6	40	47.2	57.1	15.9	25.5	41.3	29.2	45	51	40.4	56.6	46.1	10	14.2	15	18.1	10	14.2	28.3	22.1	23.8	42.8	40	53	32.1	36.5	45.8	66.5	35	52.3	9.5	15.9	18.4	32.1	36.3	44.5	52.3	60	59.3	52.9	68.6	28.2	
20.7	32.3	23.9	42.8	41.3	0	10	20.7	14	50	33.6	35.4	35.4	15.9	20	29.2	11.2	10	11.2	30	46.1	31.7	36.1	47.2	50.3	51	30	22.4	27	50.5	39.1	27.3	43.9	44	56	59.5	32.7	11.2	27	48.5	25.5	35.5	20.2	28.2	16.5	12.1	22.3	27	22.1	39.1	36.3	
11.2	24.9	16.5	33.6	31.7	10	0	20.7	19.9	42.5	30.5	35.4	25.5	7.1	22.4	25.5	18.1	20	11.2	31.7	40.4	22.4	28.3	39.1	40.4	41.3	20	14.2	17.5	40.9	33.6	22.9	40.3	35.7	47.2	51.7	37.9	11.2	32.1	39.4	15.9	28.7	18.1	27.1	21.3	20.7	29.3	31.1	25.1	42.5	27.9	
21.3	21.1	36.3	35.4	46.1	20.7	20.7	0	12.3	36.5	14.2	15	33.6	27	40.4	46.1	31.7	25	10	11.2	29.2	39.1	47.2	57.1	47.5	54.1	32.1	18.1	24.7	44.8	22.4	11.2	24.3	33.1	45.3	45.6	20.6	30	47.5	55.2	32.1	48.4	38.3	47.1	37.2	18.5	18.2	13.5	7.3	22.9	27.2	
26.3	31.6	36.1	45.1	50.6	14	19.9	12.3	0	48.2	26.3	24.2	40.8	27	33.4	43	23	14	10.5	17.8	41.4	41.9	48.2	58.9	55.6	59.7	37.4	25.2	31.6	54.1	34.5	22.9	36.1	44	56.3	57.4	18.8	25.1	38.4	58.9	35	48.2	34.1	42.1	29.1	6.5	9.5	13.2	9.5	25.4	37.3	
32.1	17.9	47.5	15	40	50	42.5	36.5	48.2	0	25	35.4	25.5	43.1	64.1	60.5	60.3	58.4	40.4	40	11.2	41.3	51	55	27	41.3	31.7	28.3	27	20.2	15	25.3	22	8.3	11.2	9.5	53	53.2	74.4	48.3	38.1	54.6	57.2	65.4	63.7	53.8	54.4	47.2	42.8	49.7	15.3	
25.5	15.6	43.3	29.2	47.2	33.6	30.5	14.2	26.3	25	0	11.2	32.1	35	52.3	55	44.8	39.1	22.4	15	15.9	42.8	52.3	60.5	43.1	53.2	33.6	20.7	25.5	38.5	10	8.1	10.3	24.4	35.4	33.4	28	41.3	60.5	56.7	36.5	54.4	48.4	57.5	49.8	32.6	30.5	22.4	18.8	25.3	21.5	
33.6	26.5	50.3	40.4	57.1	35.4	35.4	15	24.2	35.4	11.2	0	42.5	41.3	55.3	60.9	46.1	38.1	25	7.1	25	51.5	60.5	69.5	54.1	63.7	43.1	29.2	35	49.7	20.7	17.1	15.6	35.5	46.1	43	18.7	45	61.9	66.5	44.8	62.1	53.2	62.1	51.8	30.5	24.8	15	14.8	14.4	32.5	
15	16.7	23.5	11.2	15.9	35.4	25.5	33.6	40.8	25.5	32.1	42.5	0	22.4	43.1	36.1	42.8	45.3	30.5	43.1	30.5	15.9	25.5	30.5	15	21.3	7.1	15.9	9.3	15.7	27	25.5	37.2	17.3	25	32.7	54.2	33.6	54.1	25.1	14.2	29.2	34.8	41.9	44.3	44.2	49.8	47	40.8	55	12.4	
11.2	26.5	9.5	32.1	25.5	15.9	7.1	27	27	43.1	35	41.3	22.4	0	21.3	20	20.7	25.5	18.1	38.1	42.8	15.9	21.3	32.1	36.5	35.4	15.9	15.9	16.3	38.1	36.5	27.1	44.3	35.5	46.1	51.9	44.9	11.2	32.1	32.7	10	21.7	14.4	23.1	22	27.3	36.3	38.1	32	49.3	27.9	
32.1	46.9	21.2	53.2	41.3	20	22.4	40.4	33.4	64.1	52.3	55.3	43.1	21.3	0	15.9	11.2	22.4	30.5	50	62.7	31.7	30	40.4	56	51	36.1	36.1	37.5	58.6	56	45	62.3	56.7	67.3	73	51.7	11.2	11.2	45.1	29.2	27.2	9.3	10.7	5.7	29.5	40.2	46.6	42.1	58.7	49	
30.5	45.4	13	47.2	29.2	29.2	25.5	46.1	43	60.5	55	60.9	36.1	20	15.9	0	25	35.4	36.5	57.1	61.9	21.3	15.9	25	46.1	38.1	29.2	35.4	33.9	50.3	56	47.1	64.2	52.4	61.1	68.5	61.8	18.1	25	30.9	22.4	12.2	9.3	7.3	21.1	40.9	51.4	55.6	50	67.5	45.4	
29.2	42.5	25.2	51.5	45	11.2	18.1	31.7	23	60.3	44.8	46.1	42.8	20.7	11.2	25	0	11.2	22.4	40.4	57.1	35	36.5	47.5	57.1	55	36.5	32.1	35.4	58.4	50	38.3	55.1	53.7	65.2	69.6	40.8	10	15.9	50.7	30.5	34.6	16.2	21.5	6.1	18.5	29.2	36.1	32.2	48.2	45.9	
30.5	40.8	32.7	52.3	51	10	20	25	14	58.4	39.1	38.1	45.3	25.5	22.4	35.4	11.2	0	18.1	31.7	53.2	41.3	44.8	56	60.3	60.9	40	31.7	36.7	60.3	46.1	34.1	49.3	52.9	65	67.8	30.2	18.1	25	57.9	35.4	43.6	26.2	32.5	17.1	8.1	18.3	26.2	23.5	38.1	45.4	
15.9	22.9	27.5	35.4	40.4	11.2	11.2	10	10.5	40.4	22.4	25	30.5	18.1	30.5	36.5	22.4	18.1	0	20.7	35.4	32.1	39.1	49.5	45.3	49.3	27	15	21.3	44.1	28.3	16.3	32.7	35.2	47.5	49.8	27	20	38.1	48.9	25	39.7	28.3	37.2	27.6	14.2	19.7	20	13.9	31.4	27.9	
32.1	28.3	47.5	42.8	56.6	30	31.7	11.2	17.8	40	15	7.1	43.1	38.1	50	57.1	40.4	31.7	20.7	0	30.5	50	58.4	68.1	56	64.1	42.5	28.3	34.8	52.3	25	17.9	22	38.9	50.3	48.3	13	40.4	56	65.8	43.1	59.5	48.9	57.6	46.2	23.8	17.7	8.1	8.3	12.1	34.6	
